x=1:5;        %生成从1到5,步长为1的行数组,并赋值给x,即1,2,3,4,5
y=0:0.2:1;    %生成从0到1,步长为0.2的行数组,并赋值给y,即0,0.2,0.4,0.6,0.8,1
z=0:0.3:1;    %生成从0到1,步长为0.3的行数组,并赋值给z,即0,0.3,0.6,0.9
a=1:-0.3:-1;  %生成从1到-1,步长为-0.3的行数组,并赋值给a
              %即1,0.7,0.4,0.1,-0.2,-0.5,-0.8